#                                                                                --- full sequence --- -------------- this domain -------------   hmm coord   ali coord   env coord
# target name            accession   tlen query name           accession   qlen   E-value  score  bias   #  of  c-Evalue  i-Evalue  score  bias  from    to  from    to  from    to  acc description of target
#    ------------------- ---------- ----- -------------------- ---------- ----- --------- ------ ----- --- --- --------- --------- ------ ----- ----- ----- ----- ----- ----- ----- ---- ---------------------
ptg000004l:140114-142102 -            663 341721at2759         -            387     4e-75  248.6  22.0   1   4   5.1e-21     1e-18   63.0   2.3     5   100   124   237   122   242 0.80 -
ptg000004l:140114-142102 -            663 341721at2759         -            387     4e-75  248.6  22.0   2   4     1e-11   2.1e-09   32.3   0.5   100   174   257   346   245   363 0.77 -
ptg000004l:140114-142102 -            663 341721at2759         -            387     4e-75  248.6  22.0   3   4   2.1e-37   4.1e-35  116.9   4.9   170   297   367   509   360   521 0.87 -
ptg000004l:140114-142102 -            663 341721at2759         -            387     4e-75  248.6  22.0   4   4   1.2e-14   2.4e-12   42.0   0.0   295   385   545   652   542   654 0.80 -
ptg000003l:121338-122993 -            552 341721at2759         -            387   4.4e-08   27.9   3.0   1   2   0.00047     0.093    7.1   0.3   296   347   358   411   317   445 0.69 -
ptg000003l:121338-122993 -            552 341721at2759         -            387   4.4e-08   27.9   3.0   2   2   2.1e-08   4.2e-06   21.4   0.2   348   385   445   482   426   484 0.85 -
ptg000005l:557690-560764 -           1025 341721at2759         -            387   0.00018   16.1  12.6   1   3     8e-05     0.016    9.6   0.2   295   359   639   709   554   727 0.73 -
ptg000005l:557690-560764 -           1025 341721at2759         -            387   0.00018   16.1  12.6   2   3   1.6e-06   0.00032   15.2   0.0   351   385   728   762   722   764 0.91 -
ptg000005l:557690-560764 -           1025 341721at2759         -            387   0.00018   16.1  12.6   3   3         4     8e+02   -8.5   6.1   177   205   974  1002   966  1008 0.63 -
ptg000017l:447753-449837 -            695 341721at2759         -            387   0.00034   15.1   0.0   1   1   3.4e-06   0.00069   14.1   0.0   178   225   585   632   582   640 0.92 -
#
# Program:         hmmsearch
# Version:         3.1b2 (February 2015)
# Pipeline mode:   SEARCH
# Query file:      /home/inf-41-2022/Assembly/busco_downloads/lineages/eukaryota_odb10/hmms/341721at2759.hmm
# Target file:     /home/inf-41-2022/Assembly/Busco/auto_lineage/run_eukaryota_odb10/metaeuk_output/initial_results/output.bp.p_ctg.fa.modified.fas
# Option settings: hmmsearch --domtblout /home/inf-41-2022/Assembly/Busco/auto_lineage/run_eukaryota_odb10/hmmer_output/initial_run_results/341721at2759.out --cpu 1 /home/inf-41-2022/Assembly/busco_downloads/lineages/eukaryota_odb10/hmms/341721at2759.hmm /home/inf-41-2022/Assembly/Busco/auto_lineage/run_eukaryota_odb10/metaeuk_output/initial_results/output.bp.p_ctg.fa.modified.fas 
# Current dir:     /home/inf-41-2022/Assembly
# Date:            Thu Feb 23 23:08:11 2023
# [ok]
