#                                                                                --- full sequence --- -------------- this domain -------------   hmm coord   ali coord   env coord
# target name            accession   tlen query name           accession   qlen   E-value  score  bias   #  of  c-Evalue  i-Evalue  score  bias  from    to  from    to  from    to  acc description of target
#    ------------------- ---------- ----- -------------------- ---------- ----- --------- ------ ----- --- --- --------- --------- ------ ----- ----- ----- ----- ----- ----- ----- ---- ---------------------
ptg000013l:516906-518642 -            579 13029at4891          -            429  1.8e-126  419.7  30.5   1   3   2.6e-77   7.8e-75  249.5   8.4    16   243     6   286     3   291 0.81 -
ptg000013l:516906-518642 -            579 13029at4891          -            429  1.8e-126  419.7  30.5   2   3   1.4e-52   4.1e-50  168.1   7.5   242   379   317   460   312   475 0.90 -
ptg000013l:516906-518642 -            579 13029at4891          -            429  1.8e-126  419.7  30.5   3   3   0.00064      0.19    7.7   0.4   375   412   502   548   496   577 0.61 -
ptg000004l:190743-194234 -           1164 13029at4891          -            429   3.8e-08   29.8   0.6   1   1   2.5e-10   7.5e-08   28.8   0.6    95   183   907  1001   903  1060 0.64 -
ptg000005l:979432-980388 -            319 13029at4891          -            429   3.9e-06   23.2  12.6   1   1     2e-08   6.1e-06   22.5  12.6    92   147   264   315   244   318 0.86 -
ptg000011l:302013-303650 -            546 13029at4891          -            429     7e-05   19.0   1.4   1   1   4.1e-07   0.00012   18.2   1.4   107   162   366   417   314   462 0.67 -
ptg000010l:102877-104088 -            404 13029at4891          -            429   0.00017   17.8   4.8   1   2   5.6e-07   0.00017   17.8   4.8    96   144    18    62    14    81 0.88 -
ptg000010l:102877-104088 -            404 13029at4891          -            429   0.00017   17.8   4.8   2   2     0.047        14    1.5   0.9   129   226   175   273   170   328 0.54 -
ptg000003l:222347-222481 -             45 13029at4891          -            429   0.00058   16.0   6.3   1   1   2.1e-06   0.00063   15.9   6.3    97   138     1    44     1    45 0.83 -
ptg000007l:307763-308959 -            399 13029at4891          -            429    0.0079   12.3   2.0   1   1   4.1e-05     0.012   11.6   2.0    95   138   332   372   329   378 0.86 -
ptg000005l:433960-434454 -            165 13029at4891          -            429     0.014   11.4   3.5   1   1   5.7e-05     0.017   11.2   3.5    91   146    46   102    24   128 0.83 -
ptg000002l:356837-356992 -             52 13029at4891          -            429     0.033   10.2   2.5   1   1   0.00012     0.036   10.1   2.5    94   138     5    51     2    52 0.75 -
#
# Program:         hmmsearch
# Version:         3.1b2 (February 2015)
# Pipeline mode:   SEARCH
# Query file:      /home/inf-41-2022/Assembly/busco_downloads/lineages/saccharomycetes_odb10/hmms/13029at4891.hmm
# Target file:     /home/inf-41-2022/Assembly/Busco/run_saccharomycetes_odb10/metaeuk_output/initial_results/output.bp.p_ctg.fa.modified.fas
# Option settings: hmmsearch --domtblout /home/inf-41-2022/Assembly/Busco/run_saccharomycetes_odb10/hmmer_output/initial_run_results/13029at4891.out --cpu 1 /home/inf-41-2022/Assembly/busco_downloads/lineages/saccharomycetes_odb10/hmms/13029at4891.hmm /home/inf-41-2022/Assembly/Busco/run_saccharomycetes_odb10/metaeuk_output/initial_results/output.bp.p_ctg.fa.modified.fas 
# Current dir:     /home/inf-41-2022/Assembly
# Date:            Thu Feb 23 23:24:52 2023
# [ok]
