#                                                                                --- full sequence --- -------------- this domain -------------   hmm coord   ali coord   env coord
# target name            accession   tlen query name           accession   qlen   E-value  score  bias   #  of  c-Evalue  i-Evalue  score  bias  from    to  from    to  from    to  acc description of target
#    ------------------- ---------- ----- -------------------- ---------- ----- --------- ------ ----- --- --- --------- --------- ------ ----- ----- ----- ----- ----- ----- ----- ---- ---------------------
ptg000008l:450376-452277 -            634 17189at4891          -            384  1.5e-169  561.0  44.7   1   3   4.8e-14   2.6e-11   40.1  17.8     1    55    15    69    15    72 0.92 -
ptg000008l:450376-452277 -            634 17189at4891          -            384  1.5e-169  561.0  44.7   2   3  8.4e-137  4.5e-134  444.2  18.6    32   336    64   545    62   553 0.90 -
ptg000008l:450376-452277 -            634 17189at4891          -            384  1.5e-169  561.0  44.7   3   3   5.2e-28   2.8e-25   86.1   0.1   332   383   582   633   573   634 0.94 -
ptg000017l:495866-496780 -            305 17189at4891          -            384   3.9e-15   52.7   0.5   1   2   4.1e-15   2.2e-12   43.6   0.1   175   302   103   239    51   248 0.86 -
ptg000017l:495866-496780 -            305 17189at4891          -            384   3.9e-15   52.7   0.5   2   2   0.00039      0.21    7.5   0.0   351   373   273   295   268   301 0.93 -
ptg000003l:173777-175009 -            411 17189at4891          -            384   7.1e-07   25.5   0.1   1   3    0.0055       2.9    3.7   0.0   124   157    90   123    44   158 0.72 -
ptg000003l:173777-175009 -            411 17189at4891          -            384   7.1e-07   25.5   0.1   2   3   2.3e-05     0.012   11.5   0.0   223   293   231   311   223   341 0.79 -
ptg000003l:173777-175009 -            411 17189at4891          -            384   7.1e-07   25.5   0.1   3   3   0.00071      0.38    6.7   0.0   342   368   371   397   363   402 0.88 -
ptg000013l:252201-253298 -            366 17189at4891          -            384   7.1e-06   22.2   1.3   1   2      0.17        91   -1.2   0.0   134   153    61    80    25   101 0.80 -
ptg000013l:252201-253298 -            366 17189at4891          -            384   7.1e-06   22.2   1.3   2   2     3e-07   0.00016   17.7   0.5   169   374   147   351   135   361 0.76 -
ptg000008l:597061-598173 -            371 17189at4891          -            384     0.019   10.9   6.9   1   1   5.8e-05     0.031   10.2   6.9     5   157   108   270   105   282 0.57 -
#
# Program:         hmmsearch
# Version:         3.1b2 (February 2015)
# Pipeline mode:   SEARCH
# Query file:      /home/inf-41-2022/Assembly/busco_downloads/lineages/saccharomycetes_odb10/hmms/17189at4891.hmm
# Target file:     /home/inf-41-2022/Assembly/Busco/run_saccharomycetes_odb10/metaeuk_output/initial_results/output.bp.p_ctg.fa.modified.fas
# Option settings: hmmsearch --domtblout /home/inf-41-2022/Assembly/Busco/run_saccharomycetes_odb10/hmmer_output/initial_run_results/17189at4891.out --cpu 1 /home/inf-41-2022/Assembly/busco_downloads/lineages/saccharomycetes_odb10/hmms/17189at4891.hmm /home/inf-41-2022/Assembly/Busco/run_saccharomycetes_odb10/metaeuk_output/initial_results/output.bp.p_ctg.fa.modified.fas 
# Current dir:     /home/inf-41-2022/Assembly
# Date:            Thu Feb 23 23:25:18 2023
# [ok]
